hidden_size:2
learning_rate:0.001
train_error:0.035456605
valid_error:0.03399983
test_error:0.035456605
